1.5603 30.2533
1.5660 30.2497
1.5598 30.2499
1.5644 30.2553
1.5668 30.2587
1.5577 30.2514
1.5632 30.2550
1.5647 30.2533
1.5662 30.2515
1.5564 30.2517
1.5549 30.2590
1.5610 30.2613
1.5588 30.2530
1.5593 30.2548
1.5652 30.2617
1.5616 30.2487
1.5661 30.2620
1.5660 30.2590
1.5629 30.2617
1.5578 30.2612
1.5597 30.2567
1.5610 30.2549
1.5548 30.2499
1.5654 30.2496
1.5616 30.2496
1.5554 30.2552
1.5634 30.2537
1.5642 30.2621
1.5580 30.2519
1.5590 30.2577
1.5607 30.2493
1.5548 30.2535
1.5609 30.2529
1.5659 30.2482
1.5552 30.2618
1.5657 30.2565
1.5586 30.2576
1.5595 30.2578
1.5665 30.2562
1.5669 30.2581
1.5644 30.2562
1.5553 30.2608
1.5621 30.2599
1.5588 30.2543
1.5657 30.2518
1.5664 30.2561
1.5627 30.2558